    0.9935    0.9980    0.9803    0.9813
    1.0118    1.0059    0.9873    0.9895
    0.9924    0.9915    1.0118    0.9958
    0.9889    1.0080    1.0203    1.0140
    0.9915    0.9849    0.9972    0.9863
    0.9943    1.0088    1.0060    0.9971
    0.9944    0.9976    1.0178    1.0127
    1.0018    1.0017    1.0177    1.0007

    0.9935    0.9980    0.9803    0.9813
    1.0118    1.0059    0.9873    0.9895
    0.9924    0.9915    1.0118    0.9958
    0.9889    1.0080    1.0203    1.0140
    0.9915    0.9849    0.9972    0.9863
    0.9943    1.0088    1.0060    0.9971
    0.9944    0.9976    1.0178    1.0127
    1.0018    1.0017    1.0177    1.0007